# Kpath    Energy-Level (in eV)
# Band    1
       0.00000     -13.77017
       0.02314     -13.76857
       0.04627     -13.76376
       0.06941     -13.75576
       0.09255     -13.74457
       0.11568     -13.73018
       0.13882     -13.71261
       0.16196     -13.69185
       0.18510     -13.66793
       0.20823     -13.64083
       0.23137     -13.61060
       0.25451     -13.57722
       0.27764     -13.54072
       0.30078     -13.50111
       0.32392     -13.45841
       0.34705     -13.41265
       0.37019     -13.36384
       0.39333     -13.31201
       0.41646     -13.25718
       0.43960     -13.19941
       0.46274     -13.13870
       0.48588     -13.07512
       0.50901     -13.00871
       0.53215     -12.93952
       0.55529     -12.86761
       0.57842     -12.79304
       0.60156     -12.71589
       0.62470     -12.63625
       0.64783     -12.55424
       0.67097     -12.46995
       0.69411     -12.38354
       0.71725     -12.29514
       0.74038     -12.20497
       0.76352     -12.11322
       0.78666     -12.02018
       0.80979     -11.92615
       0.83293     -11.83151
       0.85607     -11.73671
       0.87920     -11.64231
       0.90234     -11.54898
       0.92548     -11.45753
       0.94861     -11.36896
       0.97175     -11.28446
       0.99489     -11.20547
       1.01803     -11.13365
       1.04116     -11.07088
       1.06430     -11.01914
       1.08744     -10.98041
       1.11057     -10.95639
       1.13371     -10.94824
       1.13371     -10.94824
       1.14707     -10.94780
       1.16043     -10.94648
       1.17378     -10.94429
       1.18714     -10.94121
       1.20050     -10.93726
       1.21386     -10.93245
       1.22722     -10.92677
       1.24057     -10.92024
       1.25393     -10.91285
       1.26729     -10.90462
       1.28065     -10.89556
       1.29401     -10.88568
       1.30737     -10.87499
       1.32072     -10.86350
       1.33408     -10.85123
       1.34744     -10.83819
       1.36080     -10.82441
       1.37416     -10.80990
       1.38751     -10.79469
       1.40087     -10.77880
       1.41423     -10.76225
       1.42759     -10.74508
       1.44095     -10.72732
       1.45430     -10.70900
       1.46766     -10.69017
       1.48102     -10.67087
       1.49438     -10.65114
       1.50774     -10.63104
       1.52110     -10.61063
       1.53445     -10.58997
       1.54781     -10.56912
       1.56117     -10.54818
       1.57453     -10.52721
       1.58789     -10.50632
       1.60124     -10.48561
       1.61460     -10.46518
       1.62796     -10.44517
       1.64132     -10.42570
       1.65468     -10.40692
       1.66803     -10.38900
       1.68139     -10.37210
       1.69475     -10.35641
       1.70811     -10.34211
       1.72147     -10.32941
       1.73483     -10.31854
       1.74818     -10.30970
       1.76154     -10.30312
       1.77490     -10.29902
       1.78826     -10.29761
       1.78826     -10.29761
       1.81497     -10.30362
       1.84169     -10.32246
       1.86841     -10.35492
       1.89512     -10.40117
       1.92184     -10.46071
       1.94856     -10.53253
       1.97527     -10.61520
       2.00199     -10.70711
       2.02870     -10.80660
       2.05542     -10.91209
       2.08214     -11.02215
       2.10885     -11.13549
       2.13557     -11.25104
       2.16229     -11.36785
       2.18900     -11.48512
       2.21572     -11.60217
       2.24243     -11.71845
       2.26915     -11.83346
       2.29587     -11.94681
       2.32258     -12.05815
       2.34930     -12.16718
       2.37602     -12.27366
       2.40273     -12.37736
       2.42945     -12.47810
       2.45616     -12.57570
       2.48288     -12.67003
       2.50960     -12.76097
       2.53631     -12.84840
       2.56303     -12.93222
       2.58974     -13.01237
       2.61646     -13.08874
       2.64318     -13.16129
       2.66989     -13.22994
       2.69661     -13.29466
       2.72333     -13.35539
       2.75004     -13.41208
       2.77676     -13.46471
       2.80347     -13.51324
       2.83019     -13.55763
       2.85691     -13.59787
       2.88362     -13.63393
       2.91034     -13.66580
       2.93706     -13.69345
       2.96377     -13.71686
       2.99049     -13.73604
       3.01720     -13.75096
       3.04392     -13.76163
       3.07064     -13.76803
       3.09735     -13.77017
# Band    2
       3.09735      -4.22270
       3.07064      -4.22039
       3.04392      -4.21345
       3.01720      -4.20188
       2.99049      -4.18569
       2.96377      -4.16490
       2.93706      -4.13950
       2.91034      -4.10952
       2.88362      -4.07495
       2.85691      -4.03582
       2.83019      -3.99215
       2.80347      -3.94396
       2.77676      -3.89127
       2.75004      -3.83411
       2.72333      -3.77251
       2.69661      -3.70650
       2.66989      -3.71966
       2.64318      -3.90929
       2.61646      -4.09948
       2.58974      -4.28964
       2.56303      -4.47926
       2.53631      -4.66786
       2.50960      -4.85503
       2.48288      -5.04040
       2.45616      -5.22360
       2.42945      -5.40431
       2.40273      -5.58221
       2.37602      -5.75699
       2.34930      -5.92836
       2.32258      -6.09601
       2.29587      -6.25964
       2.26915      -6.41890
       2.24243      -6.57346
       2.21572      -6.72293
       2.18900      -6.86689
       2.16229      -7.00486
       2.13557      -7.13631
       2.10885      -7.26063
       2.08214      -7.37713
       2.05542      -7.48502
       2.02870      -7.58344
       2.00199      -7.67147
       1.97527      -7.74818
       1.94856      -7.81276
       1.92184      -7.86463
       1.89512      -7.90368
       1.86841      -7.93045
       1.84169      -7.94636
       1.81497      -7.95366
       1.78826      -7.95535
       1.78826      -7.95535
       1.77490      -7.95514
       1.76154      -7.95478
       1.74818      -7.95464
       1.73483      -7.95507
       1.72147      -7.95636
       1.70811      -7.95872
       1.69475      -7.96232
       1.68139      -7.96723
       1.66803      -7.97350
       1.65468      -7.98111
       1.64132      -7.99001
       1.62796      -8.00009
       1.61460      -8.01125
       1.60124      -8.02337
       1.58789      -8.03631
       1.57453      -8.04995
       1.56117      -8.06416
       1.54781      -8.07882
       1.53445      -8.09380
       1.52110      -8.10900
       1.50774      -8.12433
       1.49438      -8.13968
       1.48102      -8.15497
       1.46766      -8.17013
       1.45430      -8.18509
       1.44095      -8.19978
       1.42759      -8.21415
       1.41423      -8.22814
       1.40087      -8.24173
       1.38751      -8.25485
       1.37416      -8.26746
       1.36080      -8.27956
       1.34744      -8.29109
       1.33408      -8.30204
       1.32072      -8.31238
       1.30737      -8.32209
       1.29401      -8.33114
       1.28065      -8.33953
       1.26729      -8.34723
       1.25393      -8.35424
       1.24057      -8.36054
       1.22722      -8.36613
       1.21386      -8.37098
       1.20050      -8.37510
       1.18714      -8.37848
       1.17378      -8.38112
       1.16043      -8.38300
       1.14707      -8.38413
       1.13371      -8.38451
       1.13371      -8.38451
       1.11057      -8.37369
       1.08744      -8.34167
       1.06430      -8.28962
       1.04116      -8.21925
       1.01803      -8.13254
       0.99489      -8.03152
       0.97175      -7.91810
       0.94861      -7.79396
       0.92548      -7.66060
       0.90234      -7.51925
       0.87920      -7.37095
       0.85607      -7.21660
       0.83293      -7.05694
       0.80979      -6.89260
       0.78666      -6.72411
       0.76352      -6.55196
       0.74038      -6.37657
       0.71725      -6.19833
       0.69411      -6.01759
       0.67097      -5.83468
       0.64783      -5.64994
       0.62470      -5.46366
       0.60156      -5.27619
       0.57842      -5.08783
       0.55529      -4.89891
       0.53215      -4.70979
       0.50901      -4.52083
       0.48588      -4.33240
       0.46274      -4.14496
       0.43960      -3.95893
       0.41646      -3.77482
       0.39333      -3.72538
       0.37019      -3.78170
       0.34705      -3.83473
       0.32392      -3.88444
       0.30078      -3.93080
       0.27764      -3.97379
       0.25451      -4.01341
       0.23137      -4.04963
       0.20823      -4.08243
       0.18510      -4.11182
       0.16196      -4.13777
       0.13882      -4.16028
       0.11568      -4.17934
       0.09255      -4.19494
       0.06941      -4.20708
       0.04627      -4.21576
       0.02314      -4.22097
       0.00000      -4.22270
# Band    3
       0.00000      -1.66742
       0.02314      -1.67612
       0.04627      -1.70210
       0.06941      -1.74499
       0.09255      -1.80414
       0.11568      -1.87873
       0.13882      -1.96780
       0.16196      -2.07026
       0.18510      -2.18499
       0.20823      -2.31084
       0.23137      -2.44669
       0.25451      -2.59143
       0.27764      -2.74402
       0.30078      -2.90350
       0.32392      -3.06895
       0.34705      -3.23954
       0.37019      -3.41450
       0.39333      -3.59314
       0.41646      -3.66578
       0.43960      -3.60295
       0.46274      -3.53691
       0.48588      -3.46771
       0.50901      -3.39539
       0.53215      -3.32000
       0.55529      -3.24160
       0.57842      -3.16025
       0.60156      -3.07603
       0.62470      -3.01778
       0.64783      -3.07284
       0.67097      -3.12597
       0.69411      -3.17706
       0.71725      -3.22600
       0.74038      -3.27272
       0.76352      -3.31713
       0.78666      -3.35916
       0.80979      -3.39874
       0.83293      -3.43582
       0.85607      -3.47034
       0.87920      -3.50226
       0.90234      -3.53153
       0.92548      -3.55812
       0.94861      -3.58200
       0.97175      -3.60313
       0.99489      -3.62149
       1.01803      -3.63706
       1.04116      -3.64982
       1.06430      -3.65976
       1.08744      -3.66687
       1.11057      -3.67113
       1.13371      -3.67256
       1.13371      -3.67256
       1.14707      -3.67573
       1.16043      -3.68523
       1.17378      -3.70097
       1.18714      -3.72282
       1.20050      -3.75058
       1.21386      -3.78405
       1.22722      -3.82295
       1.24057      -3.86700
       1.25393      -3.91588
       1.26729      -3.96927
       1.28065      -4.02681
       1.29401      -4.08818
       1.30737      -4.15301
       1.32072      -4.22098
       1.33408      -4.29174
       1.34744      -4.36496
       1.36080      -4.44033
       1.37416      -4.51754
       1.38751      -4.59628
       1.40087      -4.67628
       1.41423      -4.75723
       1.42759      -4.83889
       1.44095      -4.92096
       1.45430      -5.00321
       1.46766      -5.08537
       1.48102      -5.16718
       1.49438      -5.24839
       1.50774      -5.32875
       1.52110      -5.40799
       1.53445      -5.48586
       1.54781      -5.56207
       1.56117      -5.63637
       1.57453      -5.70846
       1.58789      -5.77804
       1.60124      -5.84482
       1.61460      -5.90848
       1.62796      -5.96872
       1.64132      -6.02523
       1.65468      -6.07768
       1.66803      -6.12581
       1.68139      -6.16932
       1.69475      -6.20799
       1.70811      -6.24162
       1.72147      -6.27005
       1.73483      -6.29321
       1.74818      -6.31108
       1.76154      -6.32368
       1.77490      -6.33112
       1.78826      -6.33356
       1.78826      -6.33356
       1.81497      -6.32425
       1.84169      -6.29768
       1.86841      -6.25594
       1.89512      -6.20110
       1.92184      -6.13501
       1.94856      -6.05925
       1.97527      -5.97514
       2.00199      -5.88376
       2.02870      -5.78601
       2.05542      -5.68262
       2.08214      -5.57422
       2.10885      -5.46133
       2.13557      -5.34441
       2.16229      -5.22389
       2.18900      -5.10011
       2.21572      -4.97345
       2.24243      -4.84422
       2.26915      -4.71276
       2.29587      -4.57938
       2.32258      -4.44441
       2.34930      -4.30818
       2.37602      -4.17103
       2.40273      -4.03331
       2.42945      -3.89539
       2.45616      -3.75765
       2.48288      -3.62048
       2.50960      -3.48432
       2.53631      -3.34958
       2.56303      -3.31187
       2.58974      -3.39924
       2.61646      -3.48245
       2.64318      -3.56142
       2.66989      -3.63612
       2.69661      -3.53125
       2.72333      -3.34481
       2.75004      -3.16119
       2.77676      -2.98138
       2.80347      -2.80650
       2.83019      -2.63780
       2.85691      -2.47674
       2.88362      -2.32490
       2.91034      -2.18408
       2.93706      -2.05616
       2.96377      -1.94317
       2.99049      -1.84714
       3.01720      -1.77000
       3.04392      -1.71350
       3.07064      -1.67900
       3.09735      -1.66742
# Band    4
       3.09735      -1.66741
       3.07064      -1.67188
       3.04392      -1.68524
       3.01720      -1.70746
       2.99049      -1.73847
       2.96377      -1.77814
       2.93706      -1.82633
       2.91034      -1.88284
       2.88362      -1.94744
       2.85691      -2.01985
       2.83019      -2.09974
       2.80347      -2.18677
       2.77676      -2.28052
       2.75004      -2.38057
       2.72333      -2.48647
       2.69661      -2.59771
       2.66989      -2.71382
       2.64318      -2.83428
       2.61646      -2.95858
       2.58974      -3.08623
       2.56303      -3.21672
       2.53631      -3.22039
       2.50960      -3.12489
       2.48288      -3.02544
       2.45616      -2.92213
       2.42945      -2.81506
       2.40273      -2.70435
       2.37602      -2.59011
       2.34930      -2.47249
       2.32258      -2.35165
       2.29587      -2.22777
       2.26915      -2.10104
       2.24243      -1.97171
       2.21572      -1.84002
       2.18900      -1.70628
       2.16229      -1.57083
       2.13557      -1.43407
       2.10885      -1.29646
       2.08214      -1.15855
       2.05542      -1.02099
       2.02870      -0.88457
       2.00199      -0.75026
       1.97527      -0.61930
       1.94856      -0.49330
       1.92184      -0.37446
       1.89512      -0.26582
       1.86841      -0.17163
       1.84169      -0.09762
       1.81497      -0.05028
       1.78826      -0.03428
       1.78826      -0.03428
       1.77490      -0.03809
       1.76154      -0.04900
       1.74818      -0.06608
       1.73483      -0.08829
       1.72147      -0.11460
       1.70811      -0.14409
       1.69475      -0.17595
       1.68139      -0.20954
       1.66803      -0.24431
       1.65468      -0.27984
       1.64132      -0.31578
       1.62796      -0.35187
       1.61460      -0.38788
       1.60124      -0.42363
       1.58789      -0.45899
       1.57453      -0.49382
       1.56117      -0.52805
       1.54781      -0.56158
       1.53445      -0.59436
       1.52110      -0.62631
       1.50774      -0.65741
       1.49438      -0.68761
       1.48102      -0.71688
       1.46766      -0.74518
       1.45430      -0.77250
       1.44095      -0.79880
       1.42759      -0.82407
       1.41423      -0.84830
       1.40087      -0.87147
       1.38751      -0.89357
       1.37416      -0.91459
       1.36080      -0.93451
       1.34744      -0.95333
       1.33408      -0.97104
       1.32072      -0.98763
       1.30737      -1.00310
       1.29401      -1.01745
       1.28065      -1.03066
       1.26729      -1.04274
       1.25393      -1.05367
       1.24057      -1.06347
       1.22722      -1.07211
       1.21386      -1.07961
       1.20050      -1.08596
       1.18714      -1.09116
       1.17378      -1.09520
       1.16043      -1.09809
       1.14707      -1.09982
       1.13371      -1.10039
       1.13371      -1.10039
       1.11057      -1.11005
       1.08744      -1.13843
       1.06430      -1.18395
       1.04116      -1.24437
       1.01803      -1.31716
       0.99489      -1.39984
       0.97175      -1.49013
       0.94861      -1.58609
       0.92548      -1.68612
       0.90234      -1.78889
       0.87920      -1.89332
       0.85607      -1.99855
       0.83293      -2.10387
       0.80979      -2.20873
       0.78666      -2.31265
       0.76352      -2.41526
       0.74038      -2.51625
       0.71725      -2.61535
       0.69411      -2.71235
       0.67097      -2.80706
       0.64783      -2.89933
       0.62470      -2.98902
       0.60156      -2.96091
       0.57842      -2.90236
       0.55529      -2.84227
       0.53215      -2.78080
       0.50901      -2.71815
       0.48588      -2.65448
       0.46274      -2.59003
       0.43960      -2.52504
       0.41646      -2.45975
       0.39333      -2.39445
       0.37019      -2.32945
       0.34705      -2.26509
       0.32392      -2.20173
       0.30078      -2.13977
       0.27764      -2.07962
       0.25451      -2.02172
       0.23137      -1.96655
       0.20823      -1.91459
       0.18510      -1.86632
       0.16196      -1.82225
       0.13882      -1.78286
       0.11568      -1.74861
       0.09255      -1.71993
       0.06941      -1.69720
       0.04627      -1.68073
       0.02314      -1.67076
       0.00000      -1.66741
# Band    5
       0.00000       3.68312
       0.02314       3.68498
       0.04627       3.69055
       0.06941       3.69982
       0.09255       3.71274
       0.11568       3.72925
       0.13882       3.74928
       0.16196       3.77268
       0.18510       3.79925
       0.20823       3.82869
       0.23137       3.86045
       0.25451       3.89361
       0.27764       3.92646
       0.30078       3.95575
       0.32392       3.97573
       0.34705       3.97905
       0.37019       3.96249
       0.39333       3.93014
       0.41646       3.88812
       0.43960       3.84073
       0.46274       3.79043
       0.48588       3.73866
       0.50901       3.68627
       0.53215       3.63389
       0.55529       3.58192
       0.57842       3.53068
       0.60156       3.48043
       0.62470       3.43137
       0.64783       3.38368
       0.67097       3.33750
       0.69411       3.29298
       0.71725       3.25022
       0.74038       3.20931
       0.76352       3.17033
       0.78666       3.13329
       0.80979       3.08495
       0.83293       2.90881
       0.85607       2.73480
       0.87920       2.56598
       0.90234       2.40321
       0.92548       2.24743
       0.94861       2.09980
       0.97175       1.96169
       0.99489       1.83478
       1.01803       1.72105
       1.04116       1.62279
       1.06430       1.54254
       1.08744       1.48283
       1.11057       1.44593
       1.13371       1.43345
       1.13371       1.43345
       1.14707       1.43340
       1.16043       1.43328
       1.17378       1.43306
       1.18714       1.43274
       1.20050       1.43231
       1.21386       1.43175
       1.22722       1.43104
       1.24057       1.43016
       1.25393       1.42909
       1.26729       1.42778
       1.28065       1.42621
       1.29401       1.42434
       1.30737       1.42212
       1.32072       1.41951
       1.33408       1.41647
       1.34744       1.41293
       1.36080       1.40885
       1.37416       1.40417
       1.38751       1.39883
       1.40087       1.39276
       1.41423       1.38590
       1.42759       1.37819
       1.44095       1.36955
       1.45430       1.35992
       1.46766       1.34923
       1.48102       1.33742
       1.49438       1.32443
       1.50774       1.31020
       1.52110       1.29469
       1.53445       1.27785
       1.54781       1.25965
       1.56117       1.24007
       1.57453       1.21912
       1.58789       1.19680
       1.60124       1.17317
       1.61460       1.14829
       1.62796       1.12227
       1.64132       1.09526
       1.65468       1.06747
       1.66803       1.03916
       1.68139       1.01068
       1.69475       0.98247
       1.70811       0.95510
       1.72147       0.92925
       1.73483       0.90578
       1.74818       0.88566
       1.76154       0.86998
       1.77490       0.85985
       1.78826       0.85629
       1.78826       0.85629
       1.81497       0.87149
       1.84169       0.91688
       1.86841       0.98855
       1.89512       1.08072
       1.92184       1.18843
       1.94856       1.30811
       1.97527       1.43737
       2.00199       1.57463
       2.02870       1.71884
       2.05542       1.86925
       2.08214       2.02534
       2.10885       2.18672
       2.13557       2.35305
       2.16229       2.52410
       2.18900       2.69965
       2.21572       2.87951
       2.24243       3.06349
       2.26915       3.25142
       2.29587       3.44313
       2.32258       3.63845
       2.34930       3.83717
       2.37602       4.03909
       2.40273       4.24398
       2.42945       4.45150
       2.45616       4.66051
       2.48288       4.71829
       2.50960       4.64322
       2.53631       4.57122
       2.56303       4.50255
       2.58974       4.43674
       2.61646       4.37329
       2.64318       4.31139
       2.66989       4.25067
       2.69661       4.19101
       2.72333       4.13267
       2.75004       4.07620
       2.77676       4.02149
       2.80347       3.97026
       2.83019       3.92245
       2.85691       3.87838
       2.88362       3.83838
       2.91034       3.80259
       2.93706       3.77132
       2.96377       3.74459
       2.99049       3.72260
       3.01720       3.70541
       3.04392       3.69334
       3.07064       3.68597
       3.09735       3.68341
# Band    6
       3.09735       4.67065
       3.07064       4.66657
       3.04392       4.65367
       3.01720       4.63409
       2.99049       4.61050
       2.96377       4.58502
       2.93706       4.55975
       2.91034       4.53647
       2.88362       4.51673
       2.85691       4.50164
       2.83019       4.49233
       2.80347       4.48976
       2.77676       4.49480
       2.75004       4.50908
       2.72333       4.53187
       2.69661       4.56468
       2.66989       4.60797
       2.64318       4.66190
       2.61646       4.72633
       2.58974       4.79930
       2.56303       4.88287
       2.53631       4.97481
       2.50960       5.07106
       2.48288       4.87633
       2.45616       4.80204
       2.42945       4.88545
       2.40273       4.97434
       2.37602       5.06758
       2.34930       5.16523
       2.32258       5.26702
       2.29587       5.37277
       2.26915       5.48221
       2.24243       5.59504
       2.21572       5.71095
       2.18900       5.82955
       2.16229       5.95037
       2.13557       6.07291
       2.10885       6.19655
       2.08214       6.32064
       2.05542       6.44435
       2.02870       6.56672
       2.00199       6.68646
       1.97527       6.67443
       1.94856       6.59637
       1.92184       6.52756
       1.89512       6.46914
       1.86841       6.42214
       1.84169       6.38749
       1.81497       6.36610
       1.78826       6.35879
       1.78826       6.35879
       1.77490       6.36066
       1.76154       6.36633
       1.74818       6.37588
       1.73483       6.38937
       1.72147       6.40687
       1.70811       6.42842
       1.69475       6.45406
       1.68139       6.48383
       1.66803       6.51772
       1.65468       6.55571
       1.64132       6.59749
       1.62796       6.53873
       1.61460       6.41539
       1.60124       6.28763
       1.58789       6.15648
       1.57453       6.02277
       1.56117       5.88720
       1.54781       5.75037
       1.53445       5.61283
       1.52110       5.47505
       1.50774       5.33744
       1.49438       5.20040
       1.48102       5.06427
       1.46766       4.92939
       1.45430       4.79606
       1.44095       4.66460
       1.42759       4.53529
       1.41423       4.40842
       1.40087       4.28427
       1.38751       4.16315
       1.37416       4.04535
       1.36080       3.93117
       1.34744       3.82091
       1.33408       3.71489
       1.32072       3.61343
       1.30737       3.51688
       1.29401       3.42556
       1.28065       3.33983
       1.26729       3.26003
       1.25393       3.18650
       1.24057       3.11960
       1.22722       3.05964
       1.21386       3.00696
       1.20050       2.96182
       1.18714       2.92451
       1.17378       2.89524
       1.16043       2.87419
       1.14707       2.86151
       1.13371       2.85728
       1.13371       2.85728
       1.11057       2.85854
       1.08744       2.86231
       1.06430       2.86860
       1.04116       2.87739
       1.01803       2.88867
       0.99489       2.90244
       0.97175       2.91866
       0.94861       2.93733
       0.92548       2.95841
       0.90234       2.98189
       0.87920       3.00773
       0.85607       3.03590
       0.83293       3.06642
       0.80979       3.10167
       0.78666       3.27092
       0.76352       3.45713
       0.74038       3.64655
       0.71725       3.83869
       0.69411       4.03317
       0.67097       4.22959
       0.64783       4.42756
       0.62470       4.62666
       0.60156       4.82609
       0.57842       4.93910
       0.55529       4.84790
       0.53215       4.75924
       0.50901       4.67468
       0.48588       4.59473
       0.46274       4.51977
       0.43960       4.45051
       0.41646       4.38816
       0.39333       4.33498
       0.37019       4.29501
       0.34705       4.27410
       0.32392       4.27608
       0.30078       4.29742
       0.27764       4.33047
       0.25451       4.36916
       0.23137       4.40990
       0.20823       4.45065
       0.18510       4.49011
       0.16196       4.52740
       0.13882       4.56179
       0.11568       4.59265
       0.09255       4.61926
       0.06941       4.64101
       0.04627       4.65777
       0.02314       4.66763
       0.00000       4.67063
# Band    7
       0.00000       4.67064
       0.02314       4.67741
       0.04627       4.69767
       0.06941       4.73128
       0.09255       4.77799
       0.11568       4.83749
       0.13882       4.90938
       0.16196       4.99324
       0.18510       5.08858
       0.20823       5.19490
       0.23137       5.31168
       0.25451       5.43842
       0.27764       5.41352
       0.30078       5.46221
       0.32392       5.51462
       0.34705       5.57062
       0.37019       5.62997
       0.39333       5.69222
       0.41646       5.75620
       0.43960       5.81805
       0.46274       5.85785
       0.48588       5.78809
       0.50901       5.61909
       0.53215       6.11313
       0.55529       5.22773
       0.57842       5.02987
       0.60156       5.03975
       0.62470       5.14020
       0.64783       5.24494
       0.67097       5.35352
       0.69411       5.46582
       0.71725       5.58174
       0.74038       5.70121
       0.76352       5.82411
       0.78666       5.95036
       0.80979       6.07984
       0.83293       6.21239
       0.85607       6.34785
       0.87920       6.48599
       0.90234       6.62652
       0.92548       6.76905
       0.94861       6.91307
       0.97175       7.05782
       0.99489       7.20221
       1.01803       7.34453
       1.04116       7.48199
       1.06430       7.60986
       1.08744       7.71994
       1.11057       7.79806
       1.13371       7.82719
       1.13371       7.82722
       1.14707       7.82931
       1.16043       7.82992
       1.17378       7.83139
       1.18714       7.83447
       1.20050       7.83840
       1.21386       7.84296
       1.22722       7.84833
       1.24057       7.85450
       1.25393       7.86144
       1.26729       7.86915
       1.28065       7.87760
       1.29401       7.88677
       1.30737       7.89665
       1.32072       7.90720
       1.33408       7.91839
       1.34744       7.93020
       1.36080       7.94259
       1.37416       7.95553
       1.38751       7.96894
       1.40087       7.97149
       1.41423       7.87232
       1.42759       7.77437
       1.44095       7.67833
       1.45430       7.58446
       1.46766       7.49299
       1.48102       7.40413
       1.49438       7.31807
       1.50774       7.23499
       1.52110       7.15506
       1.53445       7.07842
       1.54781       7.00521
       1.56117       6.93557
       1.57453       6.86961
       1.58789       6.80743
       1.60124       6.74914
       1.61460       6.69481
       1.62796       6.64466
       1.64132       6.65783
       1.65468       6.76917
       1.66803       6.87312
       1.68139       6.96810
       1.69475       7.05284
       1.70811       7.12632
       1.72147       7.18779
       1.73483       7.23694
       1.74818       7.27390
       1.76154       7.29919
       1.77490       7.31363
       1.78826       7.31821
       1.78826       7.31821
       1.81497       7.30193
       1.84169       7.25807
       1.86841       7.19297
       1.89512       7.11154
       1.92184       7.01755
       1.94856       6.91396
       1.97527       6.80319
       2.00199       6.76125
       2.02870       6.85410
       2.05542       6.95222
       2.08214       7.05319
       2.10885       7.15033
       2.13557       7.00584
       2.16229       6.84954
       2.18900       6.69355
       2.21572       6.53690
       2.24243       6.38400
       2.26915       6.23379
       2.29587       6.08681
       2.32258       5.94145
       2.34930       5.80236
       2.37602       5.66778
       2.40273       5.54198
       2.42945       5.41354
       2.45616       5.29457
       2.48288       5.18161
       2.50960       5.09345
       2.53631       5.30549
       2.56303       5.52150
       2.58974       5.73581
       2.61646       5.91589
       2.64318       5.87577
       2.66989       5.79512
       2.69661       5.71642
       2.72333       5.64194
       2.75004       5.57218
       2.77676       5.45475
       2.80347       5.37244
       2.83019       5.28984
       2.85691       5.20723
       2.88362       5.12514
       2.91034       5.03415
       2.93706       4.95454
       2.96377       4.88009
       2.99049       4.81323
       3.01720       4.75699
       3.04392       4.72412
       3.07064       4.69604
       3.09735       4.68664
# Band    8
       3.09735       5.13109
       3.07064       5.13372
       3.04392       5.14162
       3.01720       5.15471
       2.99049       5.17307
       2.96377       5.19667
       2.93706       5.22555
       2.91034       5.25955
       2.88362       5.29886
       2.85691       5.34335
       2.83019       5.39289
       2.80347       5.44766
       2.77676       5.50755
       2.75004       7.03582
       2.72333       6.82890
       2.69661       6.61686
       2.66989       6.40288
       2.64318       6.19002
       2.61646       6.02150
       2.58974       6.07758
       2.56303       6.17277
       2.53631       6.27493
       2.50960       6.38190
       2.48288       6.49293
       2.45616       6.60742
       2.42945       6.72463
       2.40273       6.84356
       2.37602       6.96261
       2.34930       7.07958
       2.32258       7.19079
       2.29587       7.29059
       2.26915       7.37046
       2.24243       7.41960
       2.21572       7.42909
       2.18900       7.39820
       2.16229       7.33487
       2.13557       7.25042
       2.10885       7.16473
       2.08214       7.31559
       2.05542       7.46743
       2.02870       7.61574
       2.00199       7.75941
       1.97527       7.89735
       1.94856       8.02822
       1.92184       8.15024
       1.89512       8.26087
       1.86841       8.35640
       1.84169       8.43169
       1.81497       8.48043
       1.78826       8.49726
       1.78826       8.49726
       1.77490       8.49317
       1.76154       8.48153
       1.74818       8.46363
       1.73483       8.44118
       1.72147       8.41599
       1.70811       8.38977
       1.69475       8.36381
       1.68139       8.33897
       1.66803       8.31566
       1.65468       8.29400
       1.64132       8.27377
       1.62796       8.25476
       1.61460       8.23671
       1.60124       8.21936
       1.58789       8.20250
       1.57453       8.18596
       1.56117       8.16961
       1.54781       8.15338
       1.53445       8.13722
       1.52110       8.12111
       1.50774       8.10505
       1.49438       8.08907
       1.48102       8.07319
       1.46766       8.05745
       1.45430       8.04190
       1.44095       8.02659
       1.42759       8.01156
       1.41423       7.99687
       1.40087       7.98343
       1.38751       8.07299
       1.37416       8.17491
       1.36080       8.27743
       1.34744       8.38010
       1.33408       8.48239
       1.32072       8.58371
       1.30737       8.68335
       1.29401       8.78054
       1.28065       8.87438
       1.26729       8.96385
       1.25393       9.04796
       1.24057       9.12560
       1.22722       9.19577
       1.21386       9.25757
       1.20050       9.31030
       1.18714       9.35355
       1.17378       9.38673
       1.16043       9.41085
       1.14707       9.42556
       1.13371       9.43252
       1.13371       8.73663
       1.11057       8.76273
       1.08744       9.26831
       1.06430       8.92250
       1.04116       8.98463
       1.01803       8.83395
       0.99489       8.68209
       0.97175       8.53138
       0.94861       8.88325
       0.92548       8.75529
       0.90234       8.08542
       0.87920       7.94167
       0.85607       7.80069
       0.83293       7.66269
       0.80979       7.52783
       0.78666       7.39641
       0.76352       7.80524
       0.74038       9.62596
       0.71725       7.02199
       0.69411       6.90440
       0.67097       6.79051
       0.64783       6.68040
       0.62470       6.57419
       0.60156       6.47201
       0.57842       6.37410
       0.55529       6.28087
       0.53215       7.57298
       0.50901       6.63373
       0.48588       6.06159
       0.46274       6.11158
       0.43960       6.27339
       0.41646       6.45936
       0.39333       6.64861
       0.37019       6.83660
       0.34705       6.03695
       0.32392       5.87923
       0.30078       5.72071
       0.27764       5.57585
       0.25451       5.87586
       0.23137       5.32750
       0.20823       5.29026
       0.18510       5.25691
       0.16196       5.22745
       0.13882       5.20191
       0.11568       5.18028
       0.09255       5.16257
       0.06941       5.14880
       0.04627       5.13895
       0.02314       5.13305
       0.00000       5.13110
